{"step": 1, "loss": 122.36426544189453, "main_loss": 122.3548355102539, "moe_aux_loss": 0.009428092278540134, "moe_load_balance_loss": 0.010084961540997028, "moe_entropy_reg_loss": -0.0006568695534951985, "grad_norm": 29.592782974243164, "lr": 0.0003, "tokens_per_sec": 55.10108819400302, "total_tokens": 126, "step_time_sec": 2.2867062000004807, "data_wait_sec": 0.0014416000012715813, "compute_sec": 1.0025292999998783, "data_wait_pct": 0.0630426419131272, "gpu_mem_gb": 3.9659852981567383, "current_aux_alpha": 0.01, "router_entropy": 0.6568695306777954, "expert_usage": [262.0, 292.0, 274.0, 251.0, 354.0, 361.0, 276.0, 450.0], "co_activation": [[262.0, 95.0, 111.0, 91.0, 98.0, 160.0, 75.0, 156.0], [95.0, 292.0, 84.0, 124.0, 147.0, 139.0, 114.0, 173.0], [111.0, 84.0, 274.0, 88.0, 135.0, 141.0, 81.0, 182.0], [91.0, 124.0, 88.0, 251.0, 115.0, 101.0, 83.0, 151.0], [98.0, 147.0, 135.0, 115.0, 354.0, 186.0, 140.0, 241.0], [160.0, 139.0, 141.0, 101.0, 186.0, 361.0, 122.0, 234.0], [75.0, 114.0, 81.0, 83.0, 140.0, 122.0, 276.0, 213.0], [156.0, 173.0, 182.0, 151.0, 241.0, 234.0, 213.0, 450.0]], "expert_usage_cv": 0.20233581818535104, "aux_alpha_action": "decay", "prev_aux_alpha": 0.01, "eval_loss": 122.2298355102539, "eval_perplexity": 485165195.4097903, "eval_time_sec": 0.19077050000123563}
{"status": "done", "steps": 1, "total_tokens": 126, "micro_batches_seen": 1, "elapsed_sec": 2.6212806000003184, "checkpoint": "train\\checkpoints_launcher_smoke\\last.pt", "optimizer": "muon", "precision": "bf16"}
[INFO] Fast-forwarding dataloader by 1 micro-batches to restore resume position.
{"step": 2, "loss": 122.23926544189453, "main_loss": 122.2298355102539, "moe_aux_loss": 0.00943002849817276, "moe_load_balance_loss": 0.010086914524435997, "moe_entropy_reg_loss": -0.0006568857352249324, "grad_norm": 29.610126495361328, "lr": 0.0003, "tokens_per_sec": 59.69911645302456, "total_tokens": 252, "step_time_sec": 2.110584000001836, "data_wait_sec": 0.0004288000018277671, "compute_sec": 0.8566733000006934, "data_wait_pct": 0.020316651781089694, "gpu_mem_gb": 3.975393295288086, "current_aux_alpha": 0.01, "router_entropy": 0.6568858027458191, "expert_usage": [263.0, 292.0, 274.0, 249.0, 353.0, 362.0, 275.0, 452.0], "co_activation": [[263.0, 96.0, 112.0, 91.0, 98.0, 160.0, 75.0, 157.0], [96.0, 292.0, 84.0, 122.0, 146.0, 140.0, 114.0, 174.0], [112.0, 84.0, 274.0, 86.0, 134.0, 142.0, 80.0, 184.0], [91.0, 122.0, 86.0, 249.0, 113.0, 101.0, 83.0, 151.0], [98.0, 146.0, 134.0, 113.0, 353.0, 187.0, 139.0, 242.0], [160.0, 140.0, 142.0, 101.0, 187.0, 362.0, 121.0, 235.0], [75.0, 114.0, 80.0, 83.0, 139.0, 121.0, 275.0, 213.0], [157.0, 174.0, 184.0, 151.0, 242.0, 235.0, 213.0, 452.0]], "expert_usage_cv": 0.20479266411023697, "aux_alpha_action": "decay", "prev_aux_alpha": 0.01, "eval_loss": 122.02822875976562, "eval_perplexity": 485165195.4097903, "eval_time_sec": 0.1623526999974274}
{"status": "done", "steps": 2, "total_tokens": 252, "micro_batches_seen": 2, "elapsed_sec": 2.3961966000024404, "checkpoint": "train\\checkpoints_launcher_smoke\\last.pt", "optimizer": "muon", "precision": "bf16"}
